-1.036320887076509628e-01
-9.294583164176657697e-02
-1.952366668967159616e-02
1.019355037505694228e-01
6.603158883666214451e-02
2.591371711615659407e-02
3.935602285721966076e-02
-2.368119221482622733e-03
-1.068590205879289649e-02
4.217449874804128640e-02
-1.839126437118500934e-01
-3.658388924640613299e-02
-1.320656311619553269e-01
4.895934094755013261e-02
-2.450820353742614449e-02
-1.355850724639453761e-02
-1.766833685485423924e-02
4.943780333493371509e-02
2.272846242702268593e-02
-9.925510790142158535e-03
-2.522927195640592077e-02
-7.031340640246488971e-02
-6.009177389666659624e-02
-8.859446679404789360e-03
-1.084515207573586576e-01
-1.132932212815200915e-02
-4.693103855675938990e-02
4.340987453979321814e-02
-2.234873814067417277e-03
-1.107779700785696819e-01
-1.379826234858806157e-02
-6.254994363317439854e-02
2.230754584660496823e-03
9.653685180313792413e-02
-6.828202687844341090e-02
3.033482345131901028e-02
-2.818871040565901556e-02
7.157098827186222922e-02
1.196563967200148237e-01
-2.792530255329089568e-03
5.466460558857430194e-03
-9.308764960009702216e-02
-1.047217559559175393e-01
2.226936450332432302e-02
-3.621805944411806560e-02
1.011397390707435145e-02
3.870271968645599275e-02
3.565248388752893793e-02
-1.920013436895736877e-02
-1.176425840317896487e-01
-7.222184881918725097e-02
-9.414184583549731200e-02
-1.823673419090615991e-02
1.681391818461883472e-02
-1.525522115454382155e-01
1.319151194108411640e-01
-3.549535440439262335e-02
-4.531516036377646051e-02
5.951175060069269912e-02
-1.406324333253884153e-02
-1.469089690516240942e-01
1.094936196151016367e-01
3.517648437170626391e-02
-8.320571518386206400e-02
-1.080101845077743525e-02
-1.290957208906797771e-01
8.482704683690821604e-03
1.051373894947608550e-01
-6.944532634134037430e-02
-1.887451409022806725e-01
-6.879874694426386418e-03
-7.158270988388375916e-03
-5.406726506824180434e-02
3.189221287643824454e-02
-2.462912855331365891e-02
-1.035198029756826364e-02
-1.849036979760737831e-01
6.465417906240439327e-02
3.045362173594652611e-02
-3.677399397856351976e-02
6.204514842894630344e-02
8.985636824442889969e-02
-7.405281265047237993e-02
-9.744542402656439228e-02
-1.252243040193831147e-01
5.778107863145474574e-03
-1.700158789269131526e-02
6.451209954762594789e-02
-5.348984040451784661e-02
2.386763581019116232e-02
-1.270245860277957051e-01
-1.254417767905079487e-02
-6.759186803409740485e-02
-8.085260020513548038e-04
4.230015028591282977e-02
4.345042452425366963e-02
3.999686761053943690e-02
-3.307681192742738252e-02
3.887604678517776052e-02
-1.885958409341022268e-02
-1.107969376593744282e-01
-1.773707013974527846e-01
-8.822489550061023145e-02
-7.204948730022495140e-02
-6.984399643806379898e-02
-1.087817746915946751e-02
-5.134249992323593886e-02
7.000970734250120580e-04
2.444975208421761026e-02
-1.366353357570193328e-01
-4.551104918329010318e-02
-1.131340589094365912e-01
-1.575255051175528387e-01
-1.322445376861135571e-02
2.392813199340739286e-02
-1.136829286184046772e-01
-8.011551425190072389e-04
1.856379766072073847e-02
4.150007958913210643e-02
-3.658874831136392503e-02
-5.521907217150895386e-02
3.725336632252997018e-03
3.024235766784654986e-02
-1.317202373402390769e-01
-6.556043052453905048e-03
-1.447031430754853187e-01
-1.029823031546884954e-01
1.456407177319657062e-02
7.086763884059821272e-02
-1.304984890402204230e-02
-4.782993573510260082e-02
-6.630872903694335838e-03
-1.043347080314000960e-02
2.892732503885798306e-02
-1.443989805546763878e-02
-2.218202466838287146e-02
-8.086092608179784591e-02
2.138471487481976435e-02
-1.313773933092644286e-01
3.821499526974824618e-02
-1.417870812425862104e-01
-2.444910140615638022e-02
-3.348967479326600549e-02
-6.015964974345389127e-02
3.332836358563066176e-02
-2.283336828458700472e-03
1.406840983605452677e-01
-1.066526925764064854e-01
-5.476586300619434161e-02
-5.903619026872736902e-02
-9.451474968081387262e-03
-8.037287733881134932e-02
-1.784159196811712159e-02
-1.311617626553260862e-01
4.849176167059148640e-02
-6.929673259418867026e-02
1.374765365210605383e-01
1.064244331028930783e-02
-9.159150383134100071e-02
-1.447691077617792033e-01
2.204030015280170063e-02
-8.311462671023631121e-02
-1.234514876939760558e-01
5.936329123250835837e-02
-1.243813585613987721e-03
-9.692755236144136310e-03
-1.126276658011999415e-01
6.605126019775998947e-02
-3.205156556075722946e-02
-3.426222521168695301e-02
9.751287881331195673e-02
-3.950432398946906315e-02
-6.157075944919401800e-02
-1.249189885080150414e-01
1.660149756096207865e-02
-5.413063231132293068e-02
-3.013810966081727563e-02
-1.518848389996177439e-01
9.105769321945485217e-02
-1.045190414164086541e-02
6.142247051187480628e-02
2.738501388141672058e-02
-1.634538297506913651e-01
-1.119845370755104541e-01
-6.134097366992940364e-02
-7.515300122149043416e-02
6.029981202602704288e-02
-1.657355555306554498e-02
-1.310318027316636491e-01
-1.467104872853518954e-02
1.787011821670397155e-02
6.570171675316729964e-02
9.246144332633658702e-02
-1.059673810689765322e-01
3.479551950253071541e-02
-1.002344265320137956e-01
-1.105734648191517150e-01
-2.367699286919836346e-02
1.223787675614041170e-01
-1.813846449900959751e-02
-7.435132793176385362e-03
3.154552431070727081e-02
-7.384903843584178160e-03
2.174847201574810554e-02
-4.201839561420632821e-03
-1.059051816319589168e-01
7.361526290089710767e-02
-1.262804855216878852e-01
7.757584266311755294e-02
1.195955974276022571e-01
8.246332958449387185e-02
-3.434271799909355272e-02
6.639627925572566536e-02
-1.620661460436244317e-02
9.597151661810197909e-02
-1.016218629816603887e-02
1.487966797914909260e-02
7.264379354422159651e-02
-1.343751440835233846e-01
-1.400279510528603943e-01
3.971440509917138068e-02
-2.711404628599097671e-02
-1.126093825258662508e-02
-1.474081157189018887e-01
-3.372919544660143987e-02
5.315468355457447086e-02
9.018659591883405879e-02
5.380732221841650481e-02
-6.739865739110556531e-02
3.577294308349458773e-02
-1.692445175769069499e-02
4.478629404361772481e-02
3.883237901217944515e-02
-4.580190730929963039e-02
9.456779405925626325e-02
1.070624601765082506e-01
-1.773686076627694133e-02
-8.823712292597096774e-02
3.122927113676398324e-03
-3.092689886714007977e-02
7.515924143377582245e-02
-1.291374719138906058e-01
5.652440679766246312e-02
-7.142068642140299295e-02
-1.720173466942884546e-02
5.553971543775146347e-02
7.444388248142046194e-02
-1.828685973114364122e-02
-3.746946599001003964e-02
-8.414704168563859332e-02
-1.873971405038498197e-02
5.552540390317362018e-02
9.267634749306226383e-02
-1.941107927640885189e-02
-1.261993120676552504e-01
-1.038183164497181316e-01
-1.215844294363792148e-02
-3.556560223614400884e-02
-4.105969801556592219e-02
-7.081112308649756271e-02
3.200144168991609500e-02
-1.243625510635158332e-01
-1.364509151788996788e-01
-3.100895774322125903e-02
-1.447521286355254455e-01
9.550066630382747501e-02
-1.275128941778795599e-01
-7.736741379297140675e-02
6.363002136539747805e-03
-6.480057445228154522e-02
7.949459459018876073e-02
8.284405773937608686e-02
-3.397445974458176976e-02
-7.070971512937841708e-02
-6.853691054954957895e-02
7.128515741666083261e-02
-2.177953629624187343e-02
-3.051366942324304152e-02
-1.999596603144001075e-02
-1.348539620059323318e-01
-6.744705652821630926e-02
-2.818910246058678459e-02
-1.519283700002294901e-01
2.193910102748245113e-03
-8.562351350983661569e-02
5.920809109443817692e-02
-3.267322386693555236e-02
1.771868239336095094e-02
-7.993428394176751994e-02
1.183607844671174247e-01
6.664176540571412066e-02
-1.470608703097806280e-01
-1.154422966869224770e-01
-5.043709228765552027e-03
4.938966995574940039e-02
-1.067030391444403342e-01
-1.598677148317288743e-02
-1.407818257027622887e-02
-1.001520444499141710e-01
1.173903538200151281e-01
-9.150594215796017949e-02
3.103217354553909624e-02
2.204001166885062937e-02
-7.235596895577020571e-02
-1.007734486557656933e-01
-1.308349642890854758e-02
-1.923506895738837097e-02
-1.199872231726609173e-02
-6.499175620273900389e-02
-9.858652086344756732e-03
-1.783025193272838038e-01
1.988287187234524800e-02
-1.903557263207958650e-01
-4.653753951798218422e-03
2.146630834802851218e-02
-1.759163630015002627e-03
-1.432792666676380999e-01
6.450819003513927341e-02
3.035274163190289105e-03
-8.615242159494334792e-03
-1.564573400538828429e-01
-1.473111768863903832e-02
1.284206677868160174e-01
9.143634511070324045e-02
4.567162616814358922e-02
1.218876175088250691e-01
-6.113076458849504846e-02
-4.764506435366631931e-02
-4.562881136721477077e-02
-1.721824564954619816e-02
7.973418909021794121e-02
-9.458520375780096745e-02
-1.265629736664135307e-01
7.798279994761966871e-02
-1.293902004757051076e-02
2.085803979881128284e-02
2.430939066699674966e-02
-5.969254028763021358e-02
-3.364536679723588442e-02
4.000717822146545449e-02
8.813685927254526209e-02
-8.131098850941478884e-02
-5.744022764764482314e-02
-1.174658632601118836e-02
-2.961621655662503811e-05
-6.970910872073766973e-02
-1.395744922656842746e-01
-1.154937536923966446e-01
-6.922194521237418248e-03
-1.844106055531557001e-02
5.695415962747823330e-02
-1.222804947842992540e-01
4.701771637354672240e-02
-1.302819514656431976e-01
-1.653392595117272879e-01
8.046071973479078376e-02
6.166636246195777819e-03
-1.837361271185963540e-01
1.346187186207555564e-01
-1.562645648865765569e-01
7.805084862933284184e-02
-1.930845875700283598e-02
1.995576789494980449e-02
-1.080999681755854674e-01
8.566977669195154077e-02
5.179067645763964223e-02
2.004450561091557573e-02
-8.785975913807715643e-02
-8.822971210856321578e-02
2.946211293990898608e-02
-3.018682062182623249e-02
8.281008511106331682e-02
-1.305311309374757901e-02
-7.062260109420420706e-02
-5.776933858158387822e-03
-9.101386198589640764e-02
1.411131249888629251e-02
-2.891184845784336432e-02
1.312304644086881300e-02
-9.917474800374519173e-02
-1.084168995416387102e-02
4.055259146497897094e-02
-1.867735608864667246e-02
-1.048897605759090655e-02
2.657015145807731238e-02
-2.282714427032976612e-02
-8.740376204599612647e-03
-2.127413486737396719e-01
4.946456470356312696e-02
-3.597574040157295976e-03
-1.911431649127768792e-02
-1.897915437412349693e-01
4.533509246288891514e-02
-6.726789879121405913e-02
2.217699256776643410e-02
4.981657856067259887e-02
-5.809113632596996091e-02
-3.684471910278218180e-03
-6.353887494576038013e-03
-5.328813520926502234e-02
-2.768635814963364000e-02
1.672334650594943864e-02
-6.827244564176745793e-03
-1.010454586564782029e-02
3.983646935317185006e-06
-1.612044442088919338e-01
-1.683876709598181309e-01
-3.563832589408149482e-02
-1.821540097281098072e-02
-1.060776202676278201e-01
-1.184965239048936247e-01
-1.592418453277207047e-02
-1.303923294779296693e-01
5.721118921773989813e-02
-5.199659822320296804e-02
4.560323678299302297e-02
4.465280176207032936e-02
-4.891041654425890006e-02
-1.201836910249057255e-01
8.709982047331825405e-02
-2.493078510695828989e-02
-3.592082544851623455e-02
-2.475924862265422438e-02
-1.585209447112376491e-01
-1.004582530621847269e-01
3.039269914967883054e-02
2.095230676162027073e-02
6.713715273526515981e-02
-2.198779529459589724e-02
-1.898761461258821615e-02
-1.163636125070326988e-01
8.572674746427966230e-02
-1.212124614298447228e-01
-1.379001162743107370e-02
9.600413067189195529e-03
6.294790930293749087e-02
4.233470266003763749e-02
1.361621206674172233e-02
5.230551430291490757e-03
8.106572303222465969e-02
6.560120896595106332e-02
1.025606501793887154e-01
6.342661561791773650e-02
-9.393221420797379095e-02
-7.991981943423379087e-02
-7.719760931709707119e-02
7.871000136094635086e-03
-4.092703037000541139e-03
-5.692935733935106796e-02
-1.298240222358167384e-01
6.622609535781677492e-02
1.207454002380424218e-01
-1.633471992585294394e-02
-1.707399228016573053e-02
8.881639465119586796e-02
2.751146262033429130e-02
3.913323962783377997e-03
-1.081299667866425090e-01
2.978506262495856510e-02
-9.546208904378102392e-03
7.749823425450876047e-02
-3.280495165157720772e-02
-3.614313509429246951e-02
1.257918582685938272e-02
-8.388015416004705044e-03
-3.349020627990572513e-02
3.571948798787995261e-02
-1.242206107120355091e-01
-1.357382808444916322e-01
1.024256305545665907e-01
-2.823408483927927065e-02
-6.818097390908774147e-02
-3.183157221676072984e-02
-2.490728818775400123e-03
-8.370544690025530365e-02
3.189050505539392164e-03
3.732144155014847225e-02
-1.953272390285448468e-01
2.557838159556860558e-02
-2.198640329347027050e-02
4.261630316437434868e-02
-1.925986480564973943e-02
7.779532855071004394e-02
2.975541340225840506e-02
3.872968584630277853e-03
-3.292070928663459045e-02
-9.208723204748291147e-02
-3.785843576146687324e-03
-1.308417854333747236e-02
-5.125092298912311412e-02
-1.591293347687890714e-01
-2.322657378467654632e-02
-1.101313878764587362e-01
1.114346042099268741e-01
-1.633957347160866838e-02
-3.846378746490846517e-02
-3.085878412758582753e-02
-8.682191151102304841e-03
-1.155319695191713569e-01
-7.226992196623131630e-03
2.436645621277247140e-02
-5.269012903343317511e-02
4.702337481515998091e-02
5.416240087602994940e-02
1.332887584149839919e-02
4.274358862605828757e-02
-1.252611170379571703e-01
4.303419365203003250e-02
-6.321153162945440662e-02
-8.264999658905601565e-02
-5.250203472404902684e-03
-1.748792133762704093e-01
