1.932425457553199610e-02
3.126537028693405357e-02
3.197144640482322414e-02
2.394769242970068782e-02
4.324543249269369172e-02
3.115409938141468563e-02
2.524352215210640821e-02
-2.028618819233376364e-02
4.565095935374513005e-03
1.757623802436024049e-02
3.902564778974185189e-02
-1.247877188874031533e-02
9.715792977491126674e-04
-8.567770091493806181e-03
-2.609823278924667742e-02
-1.226848185468668896e-02
5.754380516170437034e-03
3.660468383935548686e-02
-1.204225584472419508e-02
2.670477068089689709e-02
-1.470144579840288769e-02
7.533453817705441403e-03
2.564778345861640219e-02
8.879283877110876952e-03
2.173341592680270995e-02
-1.404572378946599906e-02
-3.158976641431008540e-03
-6.870211917114696885e-03
-7.920285801033564999e-03
-1.781119756806386761e-02
-1.771203929879935912e-02
5.328604345096623826e-03
1.187031758778902581e-02
-5.845821879001409163e-03
1.538650202741422869e-02
1.929948296168953678e-02
4.794204045230587331e-03
3.229228354087677194e-02
-1.108747714335676579e-02
-4.263190808407973237e-02
4.324812451008705136e-03
6.158507472223775404e-03
2.584395290172877488e-02
1.963757615540838442e-02
1.459617190218218813e-02
-2.255993629193246350e-02
-2.696530575051835077e-03
1.866285501290334756e-02
-3.219698257552165016e-02
2.875462868838950942e-02
4.924336648104167199e-03
1.254137820902767424e-02
2.238546161644421051e-02
-1.760337238577172336e-01
-1.220669579606689821e-02
-1.913589280209470472e-02
2.046899470832007351e-02
2.096641271872137433e-02
2.133642198561538222e-02
-9.781947636160888762e-03
-1.257408138730596939e-02
1.898587449360707516e-02
1.877442227204191225e-02
1.900474828925277464e-03
-3.507666330537978060e-03
2.543317463089444022e-02
-1.204413581662524234e-02
3.197303431366076143e-02
-1.907570982320055519e-03
-5.655576255824860260e-03
3.678818295409207184e-02
-1.655473715527167652e-03
1.669990043249802714e-02
1.384533633688566669e-02
2.312673821483406805e-02
4.815650890049314597e-02
-2.220635943797910974e-02
5.262419327239303141e-02
3.553225262613595066e-03
1.835733186120909119e-02
2.163069861502647448e-02
-2.319068388924226676e-02
-1.236775289121275212e-02
5.617213672472688712e-02
2.907478014929945620e-02
-2.212866879378422649e-02
-1.096938675898255847e-02
1.739981254510836054e-03
-1.101251722688688026e-02
-3.197304357227433863e-02
-1.727696002445454695e-02
1.204426128753489228e-02
-7.785142584998132505e-04
1.561784198825422534e-02
-5.241140498354955428e-03
-2.897064567782484633e-03
6.008843936044306125e-03
2.074389239530637780e-02
2.756737554364340967e-02
-1.725168308828412336e-02
-6.252728741183355941e-03
-3.107705489981818568e-04
-5.456105926317167225e-03
-1.762693621897633636e-02
3.225650106126272398e-02
-1.144181696047506282e-02
3.161435398143486869e-02
-1.984370522280494951e-03
2.939281282623503605e-02
1.122461844314312854e-02
-8.878509860452703586e-03
2.425443969220407101e-02
-2.098862960290499412e-03
-2.713524524449608885e-02
1.091788547641956743e-02
-3.541114308981159822e-03
-1.444196221248764990e-02
3.790556376194144893e-03
-1.543743170298072891e-02
2.076284140731218114e-02
-1.951800456218976895e-02
2.156073350339550096e-02
4.020352428594854005e-02
6.712434363505889734e-02
1.775027908272047705e-02
1.866908517687037097e-02
4.267805556324472810e-02
3.499428912138871639e-02
-1.839570475020897017e-02
2.217682149768895536e-02
7.935341693326511056e-03
3.792681825609809515e-02
-2.575606109146874254e-02
-1.891362421039312347e-02
-2.064693394908703045e-02
2.563486328329574182e-02
-1.598884054911525743e-02
4.745940267505296267e-02
7.985062218901410255e-03
-3.601356744048036726e-03
1.096504556022591219e-02
1.135222909629932629e-02
3.166822039740548739e-02
3.370669862230290387e-02
1.027811376000512499e-02
-1.633611321946359940e-02
-9.673464450242948501e-03
2.209602111903640267e-02
2.592610084819519864e-02
-5.411568978001879469e-06
-7.911006257984902479e-03
9.643682714713684712e-03
2.926399769383012869e-02
1.064095443112964869e-02
1.390955171187374315e-03
-2.564347567891309479e-02
-1.466489868748363252e-03
2.127411118123772541e-03
1.245457799978273196e-02
1.740183396757532391e-02
-4.184872229533546928e-02
1.180109185779233856e-02
6.521270322892729933e-03
2.143897821523169447e-02
1.917980213964250516e-02
-1.316020420327075266e-02
-9.541506329455158412e-04
6.282255037779331530e-02
1.794512987271695489e-02
1.834308206985040338e-02
1.748059560953749147e-02
4.299784445334563221e-02
1.665161789108793311e-02
-1.565268196445785548e-02
2.950771847176827598e-02
2.384721710584131182e-02
-1.515356923007632299e-02
9.351239161147552673e-03
2.503204735625558577e-02
-3.188604979825643282e-02
1.944562241398469643e-02
-5.340634809230644653e-03
8.817971094400548979e-03
4.235995236638128575e-03
3.088430036908479392e-02
-2.341544774666073567e-02
4.457856332322066711e-02
8.483482676343257964e-03
-1.989717304315067291e-03
1.112607330337602243e-02
4.751257182812479440e-02
-2.380430621935372693e-02
1.925999654444618403e-02
2.071593910474126346e-02
7.099961299111722489e-03
3.218695343998845965e-02
2.942974261319698196e-03
-1.417482941764706614e-02
3.195546607271766010e-02
1.994857032191882026e-02
1.828686276304218594e-03
1.606438697841263211e-02
3.578137902507583235e-02
2.779691717315291299e-02
1.759826820064180550e-02
-1.396098681048056102e-02
1.620163097199046193e-02
1.473877307855994342e-02
2.178721781995669737e-02
1.036630229977825515e-02
-1.424942314230162425e-02
3.765903778096978127e-02
2.683799171290247518e-02
-1.822874569912588325e-02
-9.989417305868131605e-03
-5.773226095744576208e-02
-2.696696544357355188e-02
1.052191874763355739e-02
1.669524717481046458e-02
3.037550481511630540e-02
6.032317379484459369e-02
2.458847363698887095e-02
1.136399461336438238e-02
-1.395313053772839935e-02
2.943270268597208625e-02
2.423971395412793245e-02
2.830674293758055418e-02
-1.301173049466706685e-02
3.530183338697880091e-02
9.703452970975467128e-04
9.490854517558986944e-03
1.835854847050432184e-02
-3.494082217237704738e-03
-2.098493019029334244e-02
9.531667026893505396e-03
4.607649564733622832e-02
2.872599697488026349e-02
1.999402749354441816e-02
1.193075837928732731e-03
-2.329743986255672708e-02
2.534099429276122362e-02
-1.503682063127927473e-03
-2.624468418591677232e-02
1.442726639329779516e-03
1.937161185554843804e-02
2.241315759370202804e-02
-1.370019474158467795e-02
3.484649913661873322e-02
-3.214156431727533542e-02
-4.345399459973165249e-03
1.526761343040663500e-02
-1.755863030633931371e-02
-1.822868697655146905e-02
1.882715456148157870e-02
-1.233745507996311663e-02
-1.309388581684053747e-02
