-3.588494541599646093e-02
7.492870737761162490e-03
-1.004334366112345604e-02
-1.007124745456498133e-02
4.792656650277916236e-02
-7.207493685609491635e-03
-1.024689959765196813e-02
-2.057523459679695688e-02
-1.004314791166675477e-02
-1.242916429989148787e-02
5.787715150420116167e-02
3.895941755130760686e-02
1.006175861457601038e-02
-1.004277686692946377e-02
3.348755895392348247e-02
1.055142788492271708e-02
5.568865937658059456e-02
3.279113047488905336e-02
2.016313147367311195e-02
9.556915833274941263e-03
2.608612568230805548e-02
-1.000874215285101065e-02
-1.001088185247773696e-02
4.792862919672599697e-02
3.963306698614552787e-02
-1.410562963926392799e-02
7.458044782825477836e-02
7.060830360771729909e-03
-1.315155731868072365e-02
4.635620006566705531e-02
7.737864481429609920e-02
6.559234942985207872e-02
-2.103964229292330096e-02
-1.003807333370886415e-02
-1.996141915110519541e-02
-1.002227926204016933e-02
1.919130183331463693e-02
-1.663321796713800732e-02
-1.851745064989920257e-03
-1.003093651145309587e-02
-1.003558323016170116e-02
-1.641700731215760961e-02
-3.834425506871872412e-03
-1.522560171712632540e-02
-2.651922431049991147e-02
-1.293053592443502500e-02
-1.884030317590190337e-02
-1.354874073326680153e-02
3.987835331869690053e-03
-1.070432481122214792e-02
-1.057497957516213491e-02
-1.368780651030369888e-02
-1.442159204377389814e-02
-9.256232695844310646e-03
5.766497879288054462e-02
-8.728333613510379230e-03
-1.002979679609385284e-02
-1.883605220186730655e-02
8.280183612574526508e-02
3.626373858121506588e-02
-7.503239674395079800e-03
3.192685240158697063e-02
-1.274168314371566801e-02
8.800556972361076383e-03
-1.004187964861474706e-02
-1.674050415871274067e-02
-1.939781191428126272e-02
-2.055555728211280048e-02
7.378720872406091535e-02
-1.496794509435756156e-02
4.688100575966908795e-02
8.125372522280562004e-02
-1.377155884555233967e-02
-1.004082413114513322e-02
-1.420639407047623141e-02
-1.004106980871062420e-02
6.111071312252511212e-02
4.632471106124569360e-02
9.808653711661854957e-03
1.765308388586054461e-02
3.662578794870479520e-02
-1.084851631119203470e-02
-1.278803093800026484e-02
4.901967184595187182e-02
-2.085609574924254112e-02
4.281380127323756307e-02
-1.819202421120661578e-02
3.427691170050384956e-02
-1.003338928490410918e-02
-1.003679287199325983e-02
-1.003759718330667072e-02
6.324333406739195140e-02
1.503081192669489946e-02
2.296233302684461478e-02
-8.271330658611193709e-03
-1.735011726586683720e-02
-8.923869686991570474e-03
7.000362168375798971e-03
-1.808641497110410196e-02
-1.003469157907052947e-02
5.729952684317762834e-02
-3.323272834433852602e-02
4.283436669487210302e-02
1.915564167568927986e-02
-1.082934644753845085e-02
5.754992601004625674e-02
-1.166263840653701707e-02
-1.004097738482906399e-02
2.182621853834556050e-03
5.673851950359019847e-02
-1.154774482343515554e-02
1.513147084639342036e-03
-1.004332542559234313e-02
8.557648947864250621e-02
-1.003661077104262001e-02
-1.221460412818120393e-02
5.242036948952285419e-02
1.216636461537146281e-02
1.805242195382719683e-02
2.884395221054814745e-03
4.598515837423319819e-02
5.011265192252657361e-03
-1.182102989221303635e-02
-2.131323663097648563e-02
3.048397114444030900e-02
-1.652140654463213690e-02
4.587785008726130015e-02
1.474086235769453412e-02
-1.437991993816885132e-02
-2.245936890750686171e-02
-5.652579283089657208e-03
-2.002430196954426214e-02
-1.161760531694566549e-02
1.583857757168596198e-02
4.776832379306080595e-02
-1.633026574583500493e-02
-6.953796259788030433e-03
5.428686240006663777e-02
-1.038695221867419992e-02
9.555692412514957485e-04
-1.004206419026123370e-02
-1.002775108381038019e-02
5.838398368849954771e-03
2.005838549921369271e-02
-1.847747909628157797e-02
5.370791444111669422e-02
6.588094889537803728e-03
-3.202932158828727949e-02
6.477237667507562691e-02
2.448913937225224990e-02
-1.367168025895232515e-02
-3.613322489682128935e-02
3.485938095107682377e-02
-1.003751248577349278e-02
-1.004315367812490777e-02
-2.173018274931529104e-02
2.429337497330477311e-02
-1.002282326827344701e-02
-2.020260771752734746e-02
-1.004253762574515776e-02
8.012303211204357956e-03
-4.512681467183463774e-02
5.105178753435078709e-02
4.847903586054350122e-02
6.985867949800768362e-02
5.003850196340788037e-02
-3.338517409702202593e-02
-1.955987466902238056e-02
3.412492675036227913e-02
1.806714629744162262e-02
-1.004124282625483595e-02
-2.633125045371354639e-02
6.062330282396515696e-02
4.802016144890358489e-03
-1.156529887830428163e-02
-2.577148593840472221e-02
-1.003595423270693329e-02
6.158445437826597785e-02
-1.289271919878450662e-02
-8.954753794705233236e-03
-1.004033096584134449e-02
6.450385091646311519e-02
1.907190765156760448e-02
-1.314411054566047045e-02
4.389093309219937317e-02
2.039915087243112171e-02
-1.084267981320288093e-02
1.577064265768285400e-03
7.056710645062432008e-02
4.725786537746938520e-02
-1.056738614811940889e-02
-1.002985123225373816e-02
5.108101208065449900e-02
2.724094355037183848e-02
3.648531131370362068e-03
-1.003881466940220908e-02
5.743418976112731056e-02
5.752286434609785865e-02
5.056158010906978278e-02
3.882814790678126154e-02
-1.003957707781590221e-02
-2.013987970689707155e-02
-1.620471993697884111e-02
-8.096422092656482133e-03
-2.404304247732324748e-02
-9.602090974299242604e-03
-1.004424175140448093e-02
2.177728714281892616e-02
-1.019643145080171426e-02
-1.050229571537808666e-02
8.902014065301420975e-02
-8.160921327259072072e-03
3.122021233286938549e-02
6.744899054377018199e-02
5.677628546843273977e-02
-1.603378887975140735e-02
1.446615754145474247e-02
-1.412434926341560142e-02
4.223946531572676799e-02
-1.348411439855938879e-02
4.294086320444480409e-02
-8.695632005570001072e-03
-1.003235924279278178e-02
5.976637191264350807e-02
6.965560002067017198e-02
3.414383032800363815e-02
-1.004246022066165173e-02
-8.081980622458135276e-04
-1.164145742555982611e-02
-1.741936043626618122e-02
2.280544546041561593e-03
3.281476192094629624e-02
1.913969102777669448e-02
7.139150013319894156e-03
-1.002319630614207334e-02
-7.672747868911216143e-03
1.752031672784308894e-02
4.828935465228206131e-02
-1.003591493099452968e-02
-1.029098456755464866e-02
-1.236155784377312820e-02
-2.040595739044945289e-02
-1.004284059576566676e-02
4.822514821038440674e-02
1.371823814130474287e-03
6.359610192173437149e-02
-1.238946402107887410e-02
-2.013318097650983185e-02
3.547011197887792178e-02
3.092796986655523342e-02
-2.091077889479554461e-02
5.470538320104627317e-02
7.837279283762850837e-03
4.711318778902723499e-03
4.931381097489713483e-02
6.533159560028750645e-02
