1.166784587583496735e-01
1.224445004771412271e-01
-9.141503919060401176e-03
1.232344065024434249e-01
8.950149232104276376e-02
7.801194598139103709e-02
1.333996406130555645e-01
-7.117447640617041021e-03
2.426471039539343944e-03
-2.130315284921824662e-02
1.222469803153399259e-01
-1.845160106675768422e-02
1.204515737525652663e-01
-1.690161026523766957e-02
1.035357415355503269e-01
1.139324521517925681e-01
-1.409549346825797467e-02
9.691280914725942941e-02
-1.458228543414034212e-02
-1.530507083266750834e-02
1.210892085947780916e-01
-1.576627174175481566e-02
-9.105191677298429473e-03
3.336323947127925460e-02
1.036452214022226120e-01
1.048771385125756156e-01
1.039936389988399407e-01
1.090244819049474012e-01
-1.510788405206880958e-02
6.691832006001438571e-02
1.436799245263740143e-01
1.204701817600688646e-01
-1.356077679498938343e-02
1.481714582311282058e-01
-1.004513366590925431e-02
-1.958925830123321027e-02
1.601438221025144326e-01
5.315855729040337707e-02
1.217940918658801802e-01
1.539603475280887646e-01
-8.176322855186813482e-03
-2.933562768097338486e-02
1.099279321308433560e-01
-1.975809511096779381e-02
-7.402744591936033340e-03
1.194663659060847816e-01
-1.004312638790439381e-02
-1.950586337435409809e-02
1.126329803787615713e-01
1.213568627744244371e-01
-1.332755510327555265e-02
-1.019654066010261713e-02
1.048475987239058382e-01
-1.004495363224409098e-02
-1.488783949187083913e-02
1.114340650268097477e-01
5.132938438949457378e-04
1.192690574174732759e-01
-7.233918705827553945e-04
-1.055897862347971936e-02
-8.725785844989394219e-03
1.164198319582162022e-01
1.191979528014196904e-01
1.048471297658475770e-01
1.209466991674903874e-01
-1.304548394112152801e-02
1.156781696243085467e-01
-4.897012471976139661e-03
1.619013453671290792e-01
-1.004507384956146269e-02
-7.452200093708645848e-03
-2.046267833129262678e-02
1.442633701301897775e-01
1.231106616315062463e-01
-2.869630429718158376e-02
-1.004465385405101108e-02
1.154263038545080416e-01
1.211857816915569569e-01
9.919126759259877524e-02
-7.134803086635011123e-03
-3.876906026443405467e-03
1.424095988793454282e-01
1.101649774404121623e-01
8.678180705001539708e-02
-1.222531220529959710e-02
-1.690668301796246012e-02
-8.933593045517756320e-03
1.167521525722955006e-01
-4.144754571873392884e-03
1.538200390172572984e-01
-1.477644709106017834e-02
-1.004402301539864505e-02
1.236748564016513507e-01
9.734643889150039475e-02
-5.600814685201592263e-04
1.190577408985842162e-01
1.306994388058640988e-01
1.216624151383355057e-01
-3.880896220005325414e-02
1.171177230526610075e-01
1.054400713100801662e-01
1.215315273580680477e-01
1.234147221332844296e-01
-1.904410904356029083e-02
-1.349345029037414025e-03
-3.602942095013718284e-03
1.145606978022918748e-01
-1.004480288053786682e-02
8.335796270557180310e-02
1.235745699128813491e-01
-1.004514071837927375e-02
1.236014620350248672e-01
-2.738851555889969258e-02
1.147013305851763143e-01
-1.087146069551448574e-02
1.211050909478303128e-01
6.607186452065265392e-02
-1.222617063006988837e-02
-1.244441063862400387e-03
-1.878232980523528162e-02
-1.461098700850186477e-02
-3.216465464076879738e-03
-3.052127637184510415e-03
1.213006350048928539e-01
-2.164628619474808988e-02
-1.013933273821141304e-02
-1.608698095372512044e-02
1.169725391231410589e-04
