1.894237140229740046e-01
-1.294885261447017433e-01
1.085369220470771140e-01
-1.202688061370759953e-01
-1.042919729262967998e-01
-1.119510202613182154e-01
2.802808441266414485e-01
1.019497416355340386e-01
1.083090520167665910e-01
9.433208328634935802e-02
-1.135806587654214495e-01
1.081244849716103511e-02
-1.173306889770407840e-01
-4.029505162669803908e-03
-1.194795852274120190e-01
2.190771583123886646e-01
1.047276095280096769e-02
-1.256218263563518567e-01
-8.328593951631820674e-03
5.356851577764403308e-03
-1.491647019046701550e-01
9.834859031029141718e-02
9.460419255936240723e-02
-1.545262332235609604e-01
-1.152475810413275403e-01
-1.188718188430941680e-01
-1.142122409559847701e-01
-1.141927872382437065e-01
-1.041474976123192174e-03
-1.331923902553257821e-01
2.916151488743347620e-01
-1.153306520231319049e-01
9.949631016580198772e-02
3.159224560280508576e-01
-6.561800839997377656e-03
2.053731093082714759e-03
2.909009761438604569e-01
-1.510369420556960662e-01
2.951751022829159354e-01
3.261834708123930171e-01
9.659753042616558982e-02
9.878324515885449075e-02
-1.155517051263390549e-01
9.737149719128750103e-02
1.102423941091058984e-01
-1.178146671222590897e-01
-1.586012213298408635e-02
-2.933667554650586356e-03
-1.134035120687582193e-01
-1.209019390780797787e-01
9.860931298737901640e-02
-1.516463812194870182e-03
-1.177297276108440621e-01
9.287387357092380218e-04
9.812307926020841231e-02
-1.154184549546695693e-01
1.179051540446969942e-01
-1.190921935040399893e-01
1.029704984264395995e-01
9.776252228172101211e-02
9.639288037701709833e-02
-1.163574618135643501e-01
-1.318749946434882303e-01
-1.223672214519089252e-01
-1.168471781504208939e-01
9.342117244044448321e-02
-1.216469900088118644e-01
1.008615625398014692e-01
3.410594709416736592e-01
-4.328312791867436164e-03
9.725740837971721953e-02
9.252665402971631259e-02
-3.191923357335063605e-01
-1.222869376061021807e-01
8.354848578771281731e-02
5.003047050421106576e-03
-1.184652450510459143e-01
-1.214306314959740507e-01
1.619685799995214115e-01
1.016977034251667911e-01
9.485184801723503534e-02
2.925536612381179347e-01
-1.123008917850191191e-01
-1.101302175658380594e-01
1.108867822558144145e-01
5.334790579180421349e-03
9.183356469474510120e-02
-1.134572474427785194e-01
1.046373148680806858e-01
-3.390428175755211271e-01
1.010567528949311705e-01
7.627892785386597603e-03
-1.241372030554536848e-01
-1.080183258022041209e-01
9.842719087487440677e-02
-1.187903708335783654e-01
2.782698264844345459e-01
-1.221476141263720255e-01
-5.287520871980007711e-03
-1.267908435879577245e-01
-1.175148368623460948e-01
-1.175707686016697895e-01
-1.186326495491597105e-01
-3.359895234216440409e-03
1.119896115366201261e-01
9.842570695697350214e-02
-1.279451029967189069e-01
-4.991030772791110216e-03
-1.104399212463269137e-01
-1.246442160723829767e-01
-7.780620907663779451e-03
-1.227491556403976364e-01
-1.313647523338687959e-03
-1.237290388649288364e-01
9.859154894843602523e-02
1.998265782440633853e-01
-1.122196459549360537e-01
-4.341436259774144636e-03
1.014573265146167802e-01
-3.976375433004442940e-03
9.423641298063860361e-02
1.030447997334128923e-01
1.167533744459038625e-01
-1.228172633746100195e-01
3.279950579637641930e-03
-7.685069021293243312e-03
4.720796370135282860e-03
1.012737343626356618e-01
